0	2025
10007	1
10008	1
100	20
1001	4
1002	2
10022	1
1003	4
10034	1
10036	1
1004	1
10048	1
1005	4
10056	1
1006	1
1007	1
10074	1
10077	1
10084	1
1009	5
10092	1
10096	2
10	471
1010	2
101	1
10110	1
1011	1
1012	2
10124	1
1013	1
10138	1
1014	1
1015	2
1016	1
10169	1
1017	4
1018	4
1019	1
10195	1
10205	1
10209	1
102	2
1022	1
10221	1
10224	1
10225	1
10227	1
10228	1
1023	1
10231	1
10239	1
1024	1
10248	1
1025	1
10252	1
1026	1
10261	1
10266	1
10268	1
1027	1
10274	1
1028	1
1029	2
10293	1
1030	2
10302	1
10306	1
103	2
10310	1
1031	1
10312	1
1032	1
10322	2
10325	1
1033	2
10332	1
10333	2
10339	1
1034	3
1035	2
1036	1
10368	1
1037	2
10377	1
1038	3
10388	1
1039	1
10400	1
1040	3
104	2
10410	1
1041	1
10414	1
10415	1
1042	1
10422	1
10425	1
1043	1
10435	1
10436	1
1044	1
10445	1
10447	1
10448	1
1045	2
10453	1
1046	2
10466	1
1047	1
10475	1
1048	1
10482	1
1049	1
10494	2
10496	1
1050	3
10502	1
10503	1
105	2
1051	1
10512	1
10515	1
1052	3
10527	1
1053	2
10531	1
1054	1
1055	3
10552	1
10554	1
10557	1
10558	1
1056	1
10589	1
1059	1
10596	1
1060	2
10609	2
106	2
1061	1
1062	3
1063	1
1064	1
10642	1
10648	1
10650	1
1065	1
1066	2
10673	1
10675	1
1068	1
10685	1
10686	1
1069	3
10697	1
1070	2
107	2
1071	1
10725	1
1073	1
10732	1
10735	1
10739	1
1074	1
10748	2
1075	1
1076	2
10761	1
1077	1
10778	1
10781	1
1079	3
10793	1
10798	1
1080	1
1081	2
10820	1
1082	6
10826	1
1083	2
1084	3
10842	1
10845	1
10846	1
10849	1
1085	2
10851	1
10854	1
10855	1
1086	1
10877	1
10880	1
1088	1
10883	1
1089	3
10893	1
1090	1
10901	1
10903	1
109	1
10910	1
1091	3
10919	1
10920	1
1092	4
1093	2
10932	1
10934	1
10938	1
1094	2
10942	1
10950	1
1096	2
10965	1
1097	4
10976	1
1098	2
1099	4
10999	1
1	9523
1100	1
11005	1
110	1
1101	1
11012	1
1102	3
1103	3
11031	2
11038	1
1105	2
1106	1
1107	4
1108	2
1109	2
11092	1
11	376
11103	1
111	3
1111	3
1112	2
1113	1
11133	1
11135	1
1114	1
11141	1
11148	1
1115	4
11159	1
1116	2
11162	2
1117	4
11179	1
1118	2
11189	1
1119	1
1120	2
112	1
1121	1
1122	1
1123	1
1124	3
11244	1
11245	1
1125	5
1126	2
11262	1
1127	2
11275	1
1128	2
11288	1
1129	1
1130	2
11309	1
113	1
1131	2
11314	1
1132	2
1133	1
1134	1
1135	1
11354	1
1136	3
1137	3
11373	1
11380	1
1138	2
1140	1
1141	3
11411	1
11416	1
1142	3
1143	1
11439	1
1144	2
1145	1
1146	4
1147	2
11473	1
11479	1
1148	1
1150	2
115	1
11510	1
1151	1
11512	1
1152	1
1153	2
11533	1
11535	1
11539	1
1154	2
11557	1
1156	1
11563	1
1157	5
1158	2
11585	1
11591	2
1160	1
116	3
1161	1
1162	4
1163	1
11631	1
1164	1
1165	1
11652	2
1166	1
1167	3
11677	1
1168	1
1169	3
11691	1
11693	1
117	5
1171	2
11713	1
1172	2
1173	1
11737	2
11740	1
1174	1
1175	1
11757	1
1176	3
11761	1
1177	1
1178	1
11781	1
1179	4
1180	4
11806	1
118	3
1181	2
1182	2
11825	1
11827	1
11836	1
1184	4
11849	1
1185	1
1186	1
11864	1
11866	1
11868	1
11873	1
11878	1
11879	1
1188	2
11882	1
1189	2
1190	1
11904	1
119	3
1191	1
11912	1
11916	1
1192	2
11924	1
11925	1
11929	1
1193	2
11934	1
11935	1
1194	2
1195	3
11957	1
1196	1
1198	2
11983	1
1199	3
11992	1
11994	1
11996	1
1200	4
120	3
1201	1
1202	2
12023	1
1203	1
12031	1
1204	2
1206	4
12061	1
12066	1
12069	1
1207	2
12086	1
12090	1
12	319
1210	3
12102	1
12106	1
121	3
1211	2
1212	2
12124	1
12127	1
1213	1
1214	1
12145	1
12147	1
1215	1
12154	1
1216	3
12169	1
1217	3
1218	3
12185	1
1219	4
1220	2
1221	2
1222	1
12227	1
1223	3
1224	3
12241	1
12250	1
1225	5
12253	1
1226	1
12278	1
1228	1
12287	1
12288	1
12290	1
1229	3
12291	1
1230	1
1231	2
12313	1
12315	1
1232	3
1233	1
1234	3
1235	1
12355	2
1236	1
12368	1
1237	1
1238	2
12388	1
1239	3
12392	1
1240	4
124	3
1241	1
12414	1
1242	3
12421	1
12430	1
1243	2
1244	1
12449	1
1245	3
1246	3
1247	1
12477	1
1248	1
12482	1
12490	1
1249	2
1250	1
12504	1
125	2
1251	2
1252	3
12530	1
1253	1
1254	2
12549	1
1255	2
1256	3
1257	1
1258	2
1259	2
1260	1
126	1
1261	3
1262	1
1263	1
1264	1
1265	2
1266	1
1267	1
1268	2
12682	1
1269	2
12695	1
1270	1
1271	1
12719	1
1272	1
1273	2
12740	1
1274	2
12742	1
1275	2
1276	3
12761	1
1277	4
1278	3
1279	1
1280	2
12808	1
128	2
1281	2
1282	2
12826	1
12828	1
1283	5
12832	1
1285	1
12853	1
12858	2
1286	1
12862	1
1287	1
1288	2
12888	1
1289	1
129	2
1291	3
12916	1
1292	1
12930	1
1293	1
12932	1
12936	1
1294	2
12947	1
1295	1
1296	3
12965	1
1297	3
1298	1
12982	1
1299	2
12992	1
1300	2
13008	2
130	2
1301	1
1302	3
13022	1
1303	3
13035	1
1304	1
1305	1
1306	2
1307	1
13072	1
1308	2
13084	1
1309	3
13	327
1310	1
131	2
1311	3
13116	1
13119	1
13120	1
1312	3
1313	3
13137	1
1314	1
13142	1
1315	3
1316	2
1317	1
1318	3
1319	3
13191	1
13192	1
13194	1
1320	2
13206	1
132	2
1321	2
13212	1
1322	3
13225	1
1323	2
13237	1
1324	2
13243	1
13245	1
13247	1
13248	1
1325	1
13251	1
13257	1
1326	1
13269	1
1327	2
13273	1
1328	1
1329	6
1330	1
13301	1
13305	1
133	1
1331	1
13320	1
1332	2
1333	3
13335	1
13339	1
1334	3
13341	1
13348	1
13352	1
1336	2
13364	1
1337	1
1338	1
13384	1
1339	2
1340	1
13401	1
13402	2
134	2
1342	1
13421	1
13422	1
13430	1
1343	2
13436	1
1344	2
13458	1
1346	2
13464	1
1349	3
13492	1
13493	1
13494	1
13496	1
13499	1
1350	1
13503	1
135	3
1351	3
13514	1
1352	1
13523	1
13525	1
1353	1
13535	1
1354	2
13547	1
13549	1
1355	3
13551	1
13554	1
13556	1
1356	3
13570	1
1357	1
13577	1
1358	3
13582	1
13583	1
13586	1
13588	1
1359	1
13591	1
13596	1
1360	2
13603	1
136	2
13610	1
1361	2
1362	3
13624	1
1363	1
13637	1
1364	1
1365	1
1366	1
13664	1
1367	1
13672	1
13675	1
1368	3
13684	1
1369	2
13693	1
13695	1
1370	2
137	1
1371	2
1372	4
13726	1
1373	3
13734	1
13738	1
1374	1
13744	1
1375	2
13755	1
13757	1
13758	1
1376	2
13770	1
1377	3
1378	1
13782	1
1379	2
1380	2
138	3
1381	1
1382	2
13826	1
13829	1
1383	3
1384	1
13848	1
1385	1
1387	2
13871	1
13872	1
13888	1
1389	2
1390	1
139	1
1391	2
1392	2
1393	1
13934	1
13938	1
13939	1
1394	2
13943	1
1395	4
13953	1
1396	4
13964	1
13966	1
13970	1
1397	2
13973	1
1398	3
13982	1
13983	1
1399	1
1400	3
14004	1
140	2
1401	3
14011	1
1402	3
14026	1
1403	2
14034	1
14039	1
1404	3
1405	2
1407	1
14074	1
14075	1
1408	1
1409	1
14	297
1410	1
141	3
1411	2
14115	1
14118	1
14120	1
1412	1
1413	2
1415	1
1416	2
14168	1
1417	1
14180	1
1418	1
1419	1
14199	1
1420	4
142	4
1421	2
14218	1
1422	2
14222	1
14229	1
1423	2
1424	1
14242	1
1425	2
14255	1
1427	3
14275	1
1428	1
14284	1
1429	1
14293	1
14295	1
1430	1
143	2
1431	3
1433	1
14336	1
1434	3
1435	2
1436	2
14363	1
14369	1
14377	1
1438	1
14382	1
1439	2
14394	1
14399	1
1440	2
14408	1
144	3
1441	3
14411	1
1442	1
1443	3
1444	1
1445	2
14460	1
1446	1
14470	1
1447	1
1448	4
1449	3
1450	2
14506	1
145	2
1451	1
14511	1
1452	1
1453	1
1454	1
1456	2
14561	1
1457	2
1458	1
14590	1
1459	2
1460	1
146	1
1461	1
14618	1
1462	2
14630	1
1463	1
1464	2
1465	2
1466	1
14669	1
1467	3
14674	1
1468	1
1469	5
1470	1
147	5
1471	1
14720	1
1472	1
1473	2
14732	1
1474	3
1475	3
14753	1
14756	1
1476	3
1477	1
14776	1
1478	1
1479	3
1480	3
148	2
14810	1
1481	1
14811	1
14814	2
1482	2
1483	2
1484	1
14842	1
1485	4
14852	1
1486	1
14862	1
14864	1
1487	1
14871	1
1488	1
1489	1
1490	4
14908	1
1492	2
14922	1
14935	1
1494	1
14947	1
1495	4
1496	3
14961	1
1497	1
14977	1
1498	1
1499	2
15000	1
150	2
1501	1
1502	1
1503	1
1504	1
15053	1
1506	1
15062	1
15067	1
1507	1
1509	1
15	214
151	1
1513	1
1514	2
15146	1
1515	1
1516	1
15170	1
15174	1
15178	1
15182	1
1520	1
15202	1
152	2
15211	1
1522	1
1523	1
15232	1
15238	1
1525	1
1527	1
15276	1
1529	1
15302	1
153	3
15318	2
15322	1
1533	1
15332	1
1534	1
15346	1
1535	1
1537	1
15379	1
1539	1
15395	1
15397	1
15402	1
154	2
1541	1
15411	1
15417	1
1542	1
15427	1
15428	1
1543	1
15434	1
1544	1
1545	1
1546	1
1547	1
15471	1
15480	1
1548	1
1549	1
15497	1
1550	1
155	3
1551	1
1552	1
15530	1
1553	1
1554	1
1555	2
1556	1
1557	1
1558	1
15587	1
15589	1
15596	1
1560	1
156	1
1562	1
15624	1
1563	2
1564	1
15669	1
15678	1
1568	1
15682	1
1569	2
15696	1
15701	1
157	2
15717	1
1572	1
1573	1
15736	1
1574	1
15747	1
15748	1
1576	1
1577	1
1578	1
15787	1
1580	1
158	1
1581	1
15813	1
15815	1
1582	1
15830	1
1583	1
15834	1
15850	1
1585	1
1586	1
15869	1
1587	1
1588	1
15881	1
15891	2
15896	1
1590	1
15901	1
159	1
1591	1
15919	1
1592	1
1594	1
1595	1
1596	1
15963	1
15970	1
1597	1
15972	2
15975	1
1598	1
15986	2
1599	1
15992	1
15998	1
15999	1
16002	1
160	3
1601	2
16015	1
16019	1
1602	1
16031	1
16032	1
1604	1
16044	1
16047	1
1605	1
1606	1
16064	1
1607	1
1608	1
16090	1
1609	1
16092	1
16	169
16102	1
161	2
1611	2
16117	1
1612	1
16124	1
16130	1
1613	1
1614	1
16143	1
1615	1
16154	2
1617	1
16177	1
1618	1
16184	1
1619	1
16192	1
16193	1
162	1
1621	1
16213	1
1622	1
16225	1
1623	1
1624	1
1625	1
1627	1
16280	1
1628	1
16290	1
16291	1
16292	1
1630	1
16307	1
163	3
1631	1
16321	1
16328	1
1633	1
16340	1
16346	1
1635	1
16374	1
16375	1
16376	1
16379	1
1638	1
1639	1
16392	1
1640	1
164	2
1641	1
16413	1
1642	1
16422	1
16437	1
16439	1
1644	1
1645	1
16458	1
1646	1
1647	1
16479	1
1648	1
16490	1
1649	1
16495	1
1650	1
165	1
1651	1
16523	1
16530	1
1653	1
1654	1
16542	1
1655	1
16555	1
1656	1
1657	1
16571	1
16577	1
1658	1
16586	1
1659	1
16595	1
16598	1
16606	1
1661	1
16612	1
16616	1
16620	1
1662	1
16627	1
16632	1
1664	1
16642	1
1665	1
16659	1
1666	1
1667	1
16673	1
1668	1
1669	1
1670	1
16701	1
16704	1
167	3
1671	1
1673	1
16734	1
1674	1
1675	2
16752	1
16756	1
1676	1
1677	1
1678	1
16792	1
16799	1
1680	1
168	2
1681	1
1682	1
16822	1
16823	1
1683	1
16835	1
16840	1
1684	1
16856	1
1687	1
16872	1
16873	1
16880	1
16885	2
1689	1
16900	1
16901	1
169	1
1691	1
1692	1
16928	1
1693	1
1694	1
16959	1
1696	1
1697	1
1698	1
16985	1
16998	1
17000	1
1700	1
17001	2
17007	1
170	3
1701	1
17011	1
1702	2
1703	1
1704	1
17046	1
17048	1
17053	1
17056	1
1706	2
17068	1
1707	1
17071	1
17078	1
1708	1
17089	1
1709	1
17099	1
17	155
1710	1
17102	1
171	1
17119	1
1712	1
17123	1
1714	1
17159	1
1716	1
17169	1
17171	1
17174	1
1718	1
17181	2
1719	1
17198	1
1720	1
17205	1
172	1
1721	1
17218	1
1722	1
17231	1
17235	1
1724	1
17241	1
1725	1
17251	1
17258	1
1727	1
1728	1
17285	1
1729	1
1731	1
17312	1
1732	1
17323	1
17328	2
1733	1
17334	1
1734	1
1735	1
17360	1
1736	1
17363	1
17369	1
1737	1
17381	1
1739	1
17399	1
1740	1
174	2
17426	1
17433	1
17434	1
1744	1
17444	1
1745	1
17456	1
1746	1
17465	1
1747	1
17477	1
17485	1
1749	1
17491	1
175	1
1751	1
17519	1
1752	1
1753	1
17536	1
1754	1
17544	1
1755	1
1756	1
17567	1
1757	1
1758	1
17584	1
17588	1
1760	1
17603	1
176	2
1761	1
17616	1
1762	1
17624	1
1763	1
17639	1
1764	1
17650	1
17654	1
1766	1
17663	1
17665	1
1767	1
17674	1
1768	1
17689	1
1770	1
177	3
1771	1
1772	1
17725	1
17736	1
1774	1
17747	1
1775	1
17759	1
17778	1
17779	1
1778	1
17783	1
1779	1
17799	1
1780	1
17802	1
17808	1
178	1
17810	1
1782	1
17822	1
1783	1
1784	1
17852	1
17856	1
1786	1
17861	2
1787	1
17872	1
17875	1
17881	1
1789	1
1790	2
179	2
1792	1
17924	1
17940	1
1794	1
17967	1
17970	1
1797	1
1798	1
1799	1
17997	1
1800	1
180	1
1801	1
18016	1
1802	1
18024	1
1803	1
1804	1
18041	1
1805	1
18061	1
1807	1
18079	1
18089	1
1809	1
18092	1
18	166
18103	1
181	1
18115	1
1812	1
1813	1
1814	1
1815	1
18154	1
1816	1
18168	1
18172	1
1818	1
18200	1
18203	1
182	3
1821	1
18213	1
1822	1
1823	1
18235	1
1824	1
18256	1
1826	1
18264	1
18265	1
1827	1
18275	1
1829	1
18300	2
1830	1
18303	1
183	1
1833	1
1834	1
1835	1
1836	1
1837	1
18384	1
18385	1
1839	1
18398	1
184	1
18410	1
18420	1
1842	1
18430	1
18437	1
1844	1
1845	1
1847	1
1849	1
18500	1
1850	1
185	2
1852	1
1853	1
1854	1
1856	1
1857	1
18575	1
1858	1
1859	2
18597	1
1860	1
18606	1
18611	1
1862	1
18624	1
18625	1
1863	1
18640	1
1864	1
1865	1
18659	1
1866	1
18665	1
1867	1
1868	1
18685	1
18686	1
1869	1
18697	1
18698	1
1870	1
18706	1
1871	1
18711	1
18722	1
18725	1
1873	1
18740	1
1875	1
1876	1
18767	1
18775	1
18779	1
1878	2
18783	1
18787	1
18789	1
18798	1
1880	1
188	2
1881	1
1882	1
18824	1
18830	1
1883	1
18844	1
1885	1
1886	1
18863	1
18869	1
18880	1
1888	1
18899	1
1890	1
189	1
1892	1
1893	1
18938	1
18947	1
18959	1
1898	1
18991	1
1900	1
19002	1
190	1
19028	1
1903	1
19033	1
19038	1
1904	1
19045	1
19049	1
1905	1
19068	1
1907	1
1908	1
19081	1
1909	1
19094	1
19	141
19100	1
19106	1
1911	1
1912	1
19121	1
19124	1
19141	1
19144	1
19146	1
1915	1
1916	1
19161	1
19170	1
1918	1
19187	1
19188	1
19189	1
19190	1
19191	1
19196	1
19197	1
19202	1
192	4
1922	1
19225	1
19232	1
19237	1
19239	1
1924	1
19246	2
19255	1
1927	1
19271	1
19272	1
1928	1
19281	1
1929	1
19293	1
19294	1
19299	1
19305	1
193	3
1931	1
1932	1
19328	1
1933	1
19331	1
19332	1
1934	1
19345	1
1935	1
1936	1
19368	1
1937	1
19373	2
1938	1
19383	1
19384	1
1939	1
19392	1
19394	1
1940	1
19406	1
194	2
1941	1
19419	1
1943	1
19431	1
19436	1
1944	1
1945	1
19461	1
1947	1
19479	1
1948	1
1949	1
19494	1
1950	1
19502	1
195	2
1951	2
19513	1
19517	1
19519	1
1952	1
19537	1
1954	1
19545	1
1955	1
19555	1
19558	1
1956	1
19562	1
19566	2
19573	1
19586	1
19588	1
1960	1
19609	1
196	1
1961	1
19613	1
1962	1
19626	1
19627	2
19630	1
19636	1
1965	1
19655	1
19658	2
1966	1
19665	2
1967	1
1968	1
19682	1
1969	1
1970	1
19701	1
197	1
1971	1
19711	1
19715	1
19717	1
19719	1
1972	1
19730	1
1973	1
19737	1
19740	1
1974	1
1975	1
19757	1
19760	1
1976	1
19764	1
19783	1
19788	1
1979	1
1980	1
19805	1
198	1
1981	1
1982	1
19826	1
19833	1
19845	1
19847	1
1985	1
19859	1
1986	1
19863	1
1987	1
19877	1
1989	1
19899	1
19905	1
199	2
19911	1
19920	1
1992	1
19921	1
19926	1
1993	1
1994	1
19943	1
19944	1
19948	1
1995	1
1996	1
1997	1
19973	1
1998	1
19982	1
19989	1
1999	1
19999	1
2000	1
20002	1
20003	1
20006	1
200	3
2001	1
2003	1
2007	2
2008	3
2009	1
20	149
20100	1
2010	1
201	4
2011	1
20115	1
2012	1
2013	2
2014	2
2015	1
20156	1
2016	1
20161	1
20165	1
2017	1
2018	2
2019	1
2020	1
20206	1
202	4
2021	1
2022	2
2023	1
20232	1
20234	1
2024	2
2025	1
20251	1
20260	1
2026	1
2027	1
2028	2
20284	2
2029	1
20293	1
20308	1
203	1
2031	1
20317	1
2032	1
20328	1
2033	2
20335	1
20338	1
2034	1
2035	1
2036	1
20364	2
20366	1
2037	1
2038	1
20392	1
2040	1
204	2
2041	1
20420	1
2042	2
20431	1
20439	1
2044	3
20445	1
2045	2
20460	1
2046	1
20462	1
20467	1
20471	1
2048	1
20489	1
20490	1
2049	1
20497	1
205	2
2051	1
20520	1
2052	1
2053	1
2054	1
2055	1
2056	1
2057	1
2058	1
20586	1
2060	1
206	2
2061	2
20619	1
2062	2
20623	1
2064	2
2065	1
20652	1
2066	1
2068	1
20682	1
20689	1
2070	2
207	2
20715	1
2073	2
20739	1
2074	1
20750	1
2075	1
20763	1
20794	1
2080	1
208	2
2083	1
2086	1
2088	1
2089	1
20898	1
2090	1
20925	1
2093	1
20933	1
20938	1
2094	1
20943	1
20948	1
2096	2
2097	2
20978	1
20989	1
20990	1
2099	1
2	8810
210	2
21016	1
21026	1
21029	1
21030	1
2104	1
2105	1
21057	1
2107	1
21072	1
21075	1
21081	1
21082	1
21086	1
2109	2
21	128
211	2
2112	1
21123	1
21141	1
21143	1
21146	1
2115	1
21158	1
21173	1
2119	1
21195	1
21196	1
21199	1
21203	1
2121	1
21214	1
2122	1
21221	1
21222	1
2125	2
2127	2
21293	1
213	1
2132	2
2133	1
2137	1
21378	1
214	1
2141	1
21412	1
2143	1
21436	1
21437	1
2144	1
21445	1
21447	1
2145	1
21457	1
2148	1
21495	1
21509	1
215	1
21519	1
21526	1
21530	1
2153	1
21534	2
2154	1
2157	1
21602	1
216	4
21624	1
21630	1
21632	1
21643	1
21653	1
2166	1
2168	1
21698	1
21703	1
21708	1
217	5
21728	1
21731	1
2174	1
2176	1
2177	2
21777	1
21782	1
2180	1
218	3
21813	1
21816	1
21821	1
21829	1
21831	1
21833	1
2187	2
219	1
21922	1
21923	1
2194	1
21972	1
21981	2
22002	1
2201	1
22021	1
22049	1
22052	1
2206	1
22061	1
2207	1
22074	2
22087	1
22088	1
22098	1
22	128
2210	1
22102	2
22107	1
221	1
22128	1
2213	1
22149	1
22154	1
2216	1
22162	1
22174	1
2218	1
2220	1
22217	1
22245	1
2226	1
22262	1
22266	1
2227	1
22308	1
223	1
22310	1
2231	1
2232	1
2235	1
22376	1
2238	1
22384	1
224	2
22422	1
2243	1
2244	1
22455	1
22456	1
22474	1
22477	1
22478	1
22482	1
22490	1
22495	1
2253	1
22534	1
22539	1
22553	1
22573	1
22577	1
22578	1
2258	2
22589	1
2259	1
22604	1
226	1
2261	1
22645	1
22650	1
22653	1
22656	1
22670	1
2267	1
22673	1
2269	2
2270	1
227	1
22710	1
2272	1
22722	1
2274	1
2275	1
2277	1
22789	1
2279	1
22792	1
22794	1
22807	1
22808	1
228	3
22812	1
22822	1
22825	1
22845	1
2285	1
2288	2
22887	1
2289	1
2290	1
22908	1
22914	1
22929	1
22930	1
2293	2
22949	1
22952	1
22955	1
22957	1
2296	1
22967	1
2297	1
22977	1
22984	1
230	2
23016	2
2302	2
23037	1
2305	1
23060	1
2306	1
23070	1
2307	1
2308	1
23099	1
23	94
231	2
2311	1
2313	1
2314	1
23159	1
23163	1
23177	1
2318	1
2319	1
232	1
2321	1
23213	1
2322	1
2323	3
23231	1
23238	1
2325	1
23258	1
2326	2
2328	1
23281	1
23288	1
2329	1
23293	1
23300	1
233	1
2332	1
23333	1
23343	1
2335	1
23352	1
23361	1
23364	1
23371	1
2338	1
23384	1
2339	1
23398	1
2340	2
23402	1
234	2
2341	1
23413	1
2342	4
23428	1
23447	1
2345	1
23452	1
23457	1
23474	1
2348	1
23490	1
235	1
2351	1
23522	1
23537	1
2354	1
23553	1
2356	1
23577	1
2362	2
23631	1
23648	1
2366	1
2367	2
23679	1
2368	1
23683	1
23687	1
2370	1
237	1
2372	2
23726	1
2373	2
23737	1
23757	1
2376	1
2377	2
23772	1
23779	1
23785	1
2379	1
23793	1
2380	3
238	3
23814	1
23826	1
23844	1
23848	1
23866	1
2387	1
23888	1
2389	1
239	1
23910	1
23914	1
2394	1
2396	1
23965	1
23978	1
2398	1
2400	1
24001	1
24008	1
240	4
24017	1
24032	1
2404	3
24052	1
2406	2
2408	1
24097	1
24	100
241	2
24117	1
24118	1
2413	1
24152	1
24162	1
24164	1
24200	1
24208	1
242	1
2422	1
24223	1
24232	1
24252	1
2426	1
2430	1
24301	1
243	2
2432	1
2436	2
2437	2
24375	1
2438	1
2439	2
2440	1
24406	1
24409	1
244	2
24439	1
24440	1
24442	1
24444	2
24447	1
24450	1
24456	1
2447	1
24483	1
2450	2
245	1
2451	3
24525	1
24532	1
24539	1
2455	1
24558	1
24594	1
24608	1
24609	1
246	1
2461	1
24619	1
24624	1
24666	1
24668	1
2468	1
247	3
2472	1
24737	1
2476	1
2478	1
24785	1
24788	1
2479	1
24793	1
24795	1
248	2
24812	1
24835	1
24852	1
24907	1
249	3
24920	1
2493	1
24941	1
2496	1
24978	1
2500	2
250	1
2501	1
25043	1
2506	1
25063	1
25098	1
25	87
25103	1
251	1
2514	1
25150	1
2515	2
25166	1
2517	1
25174	1
25178	1
2519	1
25198	1
252	3
2523	1
25233	1
25258	1
25265	1
25275	1
25291	1
25308	1
253	2
2532	1
25326	2
2534	1
25348	1
25353	1
25388	1
2539	2
254	2
25412	1
25422	1
2543	1
25440	1
2544	1
2546	1
25470	1
25479	1
25518	1
2552	1
25527	1
2553	1
25549	1
2559	3
25592	1
25594	1
2560	1
25605	1
256	2
2561	2
2564	2
25657	1
2566	1
25681	1
2570	1
2571	1
25713	1
2572	1
25725	1
25751	1
25755	1
2576	1
25761	1
2579	1
25796	1
25800	1
2580	1
258	3
25811	1
25812	1
25846	1
2585	1
2587	2
259	1
2592	1
25927	1
2593	1
25949	1
25952	1
2596	1
25995	1
2600	1
26009	1
260	1
26062	1
26075	1
26076	1
26085	1
26092	1
26	83
2610	3
261	2
26124	1
2613	2
26176	1
26186	1
2619	1
26204	1
262	1
2622	1
26227	1
26236	1
26250	1
2625	1
26278	1
26283	1
26285	1
26308	1
263	1
26312	1
26314	1
2632	1
26342	1
26362	1
26376	1
264	2
2642	1
26427	1
2644	1
2645	1
26458	1
2647	1
26493	1
26496	1
26507	1
265	3
26537	1
2654	1
26542	1
2655	1
26551	1
2657	2
26582	1
26589	1
2659	1
2660	1
266	2
2661	1
26619	1
2662	1
2670	1
26703	1
26707	1
267	5
2671	1
26767	1
2678	1
2679	1
268	1
26820	1
2683	1
2684	1
26841	1
26849	1
2686	1
26862	1
2689	1
26894	1
26897	1
2690	2
269	3
2691	1
26914	1
2693	2
26933	1
2694	1
2695	1
26956	1
26959	1
2696	1
26968	1
26997	1
26999	1
2700	1
270	1
2703	2
2705	1
2706	2
2707	1
27	70
271	2
2713	1
2716	1
2718	1
2720	2
2721	1
2723	1
2725	2
2728	1
273	1
2739	1
274	1
2741	3
2742	1
2743	2
275	1
2755	2
2756	1
2759	1
2760	1
2766	1
2768	1
277	2
2773	1
2774	1
2778	1
2781	1
2782	2
2783	1
2785	1
2789	1
279	1
2791	1
2793	1
2794	1
2795	1
2799	1
2800	1
280	1
2804	1
2809	1
28	86
2810	1
281	1
2811	1
2814	1
2818	1
2819	2
282	2
2821	1
2823	1
2827	1
283	1
2835	1
2836	1
2837	1
2838	1
284	1
2844	1
2845	1
285	1
2851	2
2853	1
2856	1
2858	1
2859	1
286	2
2862	1
2863	1
2867	1
287	3
2871	1
2875	1
288	3
2886	2
2889	1
2890	1
289	2
2897	1
2899	1
2900	1
290	1
2904	1
2909	2
29	107
291	1
2911	2
2912	1
292	1
2926	1
2929	1
293	1
2932	1
2933	1
2935	1
2936	2
2939	1
294	1
2942	2
2950	1
2956	2
2960	1
296	2
2966	1
2967	1
297	1
2972	1
2973	2
2974	1
2975	1
2976	1
2977	1
2979	1
298	1
2983	1
299	2
2991	1
2993	1
2994	1
2996	2
2997	1
300	4
30	88
3010	1
301	2
3020	1
302	2
3022	1
303	4
3031	1
3032	1
3033	1
3034	1
3038	2
304	3
3041	1
305	2
3055	1
3057	1
3058	1
306	2
3064	1
3065	1
3067	1
3068	1
3069	1
307	2
3072	3
308	1
3088	1
309	3
3	7425
310	2
3102	1
31	97
311	3
3117	1
3119	1
312	1
3129	1
313	2
3131	1
3140	2
314	2
3142	1
3143	1
3149	1
315	1
3156	1
3157	1
316	2
3161	1
3162	2
3164	1
317	1
3172	1
3173	1
3180	1
318	2
319	4
3193	1
3195	1
3196	1
3201	1
3202	1
3204	1
3208	1
32	98
3210	1
321	1
3211	1
3212	1
322	2
3221	1
3229	1
3230	1
323	1
325	3
326	2
327	1
3280	1
328	2
329	6
3291	1
3294	2
3295	1
3297	1
3298	1
3300	1
330	4
3306	1
33	90
3310	1
331	1
3312	1
3319	1
332	2
333	2
3334	1
3335	1
3339	3
334	5
3346	1
3348	1
335	4
3356	1
336	2
337	4
3372	1
3375	1
3376	2
3377	1
338	1
3388	1
339	1
3395	1
340	1
3407	2
3408	1
34	95
341	2
3415	1
3419	1
3420	2
342	3
3423	2
3424	1
3425	1
3427	1
343	3
3433	1
3441	1
3445	2
3447	1
3448	1
3449	1
345	1
3452	3
3458	1
346	2
3464	1
3465	1
3468	1
347	1
3477	1
3479	1
3482	1
3485	1
3487	1
349	1
3491	1
3498	1
3500	1
350	5
3505	1
3506	1
35	100
351	1
3517	1
352	2
3525	1
353	1
3536	1
3537	1
3539	1
3540	1
3544	1
3549	1
355	2
3564	1
3567	1
3578	1
3579	1
3580	1
359	3
3591	1
3597	1
3600	1
360	1
36	96
361	1
3617	1
362	2
3622	2
3629	1
363	2
3633	1
364	3
3646	1
365	1
3660	1
366	1
3666	1
3669	1
367	2
3673	1
3681	1
3687	1
3688	1
3690	1
369	2
3691	1
3692	2
3697	1
3698	1
370	2
3702	1
3708	2
37	73
371	2
372	1
3722	1
3730	1
373	2
3735	1
3737	1
374	3
3743	1
3748	1
3755	1
3760	2
376	2
3761	1
377	2
3780	1
378	1
3785	1
3787	1
379	2
380	1
3809	1
38	73
3810	1
381	3
3811	1
3812	1
3815	1
3816	1
382	1
383	2
3833	1
3835	1
3838	1
3840	1
384	2
385	1
3854	1
386	1
3867	1
387	1
3872	1
3875	1
388	1
3886	1
389	1
3894	1
390	3
3902	1
3904	2
3907	1
3909	1
39	60
391	3
3917	1
3919	1
3920	1
392	2
3921	1
3929	1
393	1
3931	1
3936	1
394	2
3944	1
395	2
3955	1
3956	1
396	1
3968	1
397	4
3974	1
3975	1
3977	1
3978	1
3983	1
3986	1
3987	1
3989	1
399	1
3995	1
4000	1
4001	1
4009	1
40	79
401	2
4011	2
4014	2
4022	1
4025	2
4028	1
403	1
4031	1
4033	1
4035	1
4037	1
404	2
4050	1
405	2
4051	2
4060	1
406	2
4066	1
4069	1
407	1
4071	1
4077	1
4078	1
408	6
4081	1
4084	1
4087	1
4089	1
4	3404
410	3
4103	1
4105	1
4107	1
4108	1
41	62
411	1
4115	1
412	2
4127	1
413	1
414	1
4148	2
415	1
4152	1
4156	2
4157	1
416	1
4161	1
4162	1
4163	1
4167	1
417	1
4171	1
4185	1
4187	2
4189	1
419	4
4193	1
4194	1
4197	2
4198	1
4200	1
420	1
4204	1
42	75
421	1
4213	1
422	3
4221	1
4223	3
4227	1
4230	1
423	1
4233	1
4235	1
4240	1
424	1
4244	2
4249	1
425	1
4256	1
4257	2
4258	2
4260	1
426	3
4262	1
4267	1
427	4
4272	1
4279	1
428	2
4284	3
4285	1
4286	1
429	3
4294	1
4297	1
4298	1
430	5
4302	1
4303	1
4306	3
43	56
431	2
4312	1
4317	2
4319	1
4320	1
432	1
4323	1
4325	1
4327	1
433	2
4332	1
4335	1
434	1
4342	1
4344	1
4345	2
4349	1
436	2
4364	1
437	2
4373	1
4374	1
4377	1
438	2
4381	2
4382	1
4385	1
4386	1
439	2
4393	1
4400	1
440	2
4401	1
4403	1
4404	1
44	51
441	3
4420	1
442	2
4422	1
4424	1
4425	1
443	2
4434	1
4440	2
444	4
4444	1
4447	1
4448	1
4449	1
4450	1
445	1
446	2
4465	1
447	3
4477	1
4478	1
448	3
4485	1
4487	1
4488	1
4490	1
449	1
450	1
4502	1
4505	1
4507	1
4508	1
45	66
4510	1
451	1
452	2
4522	1
4523	1
453	1
4534	1
4537	1
4538	1
4539	1
454	1
4541	1
4544	1
455	1
4553	1
4554	1
4556	1
4558	1
4559	1
456	1
4567	1
4568	1
457	1
4577	1
458	3
4581	1
4585	1
459	1
4591	1
4599	1
460	1
4601	1
4605	1
4609	1
46	59
461	3
4614	1
4615	1
4617	1
462	2
4621	1
4627	1
463	1
4639	2
464	4
4647	1
4648	1
4649	1
465	5
4652	1
4658	2
466	2
4661	1
4663	1
4668	2
467	2
4673	1
4678	1
4680	1
468	2
4681	1
4682	1
4684	1
469	4
4695	1
470	3
4707	1
47	41
471	4
4717	1
472	1
4721	1
4723	1
4724	2
4728	1
473	1
4732	1
4735	1
4736	1
4739	1
474	2
4741	1
475	1
4759	2
476	1
4761	1
4765	1
4766	1
4768	1
477	3
4771	1
4774	1
4775	1
4777	1
4779	2
478	2
4787	1
4788	1
4789	1
479	2
480	1
4805	1
4809	2
48	47
4810	1
481	2
4814	1
482	4
4821	2
4824	1
483	2
4834	1
484	1
4841	1
4850	1
485	1
4851	1
4855	1
4859	1
486	2
4869	1
487	1
4876	2
4877	1
4878	1
488	2
4883	1
489	2
4892	1
4898	2
4900	1
490	1
4905	1
4907	2
4908	1
49	43
4910	1
491	1
492	3
4930	1
493	1
4933	1
4936	2
494	1
4941	2
4944	1
4950	1
495	3
4956	1
4960	1
496	2
4963	1
4968	2
4969	1
497	1
4973	1
4978	1
498	2
4981	1
499	2
4992	1
4998	1
4999	1
500	2
5003	2
5006	1
50	46
5010	1
501	4
5013	1
502	1
5021	1
5033	2
504	2
5041	1
5042	1
5044	1
5050	1
505	2
5055	1
5056	1
506	2
5063	1
5067	1
5070	1
507	3
5071	1
5079	1
508	3
5083	1
5087	1
509	2
5093	1
5094	1
5098	1
5099	1
5	919
5100	1
510	1
51	42
511	3
5118	1
5121	1
5126	1
5130	1
513	1
5131	1
514	1
5141	1
5147	1
515	3
5151	2
5154	1
5155	1
5160	1
516	2
5163	1
517	1
5171	1
5174	1
5175	1
518	1
5182	1
5197	1
5200	1
520	1
5204	2
5206	1
5207	2
5208	1
5209	1
52	45
5210	1
521	1
5220	2
522	1
5224	1
5228	3
523	3
5231	1
5237	1
5238	2
524	2
5242	1
5249	1
525	2
5253	1
5257	1
5258	1
526	2
5265	1
5268	1
527	3
528	3
5288	1
529	3
5294	1
5295	1
5296	1
530	6
5301	1
5304	2
5309	1
53	34
531	2
532	3
5321	1
5323	1
5324	1
5326	1
5329	1
533	1
5332	1
5335	1
5337	1
5340	1
534	3
5343	2
5346	2
5347	1
5348	1
535	1
5355	2
536	2
5363	1
5368	1
5373	1
5376	1
5377	1
5380	1
538	3
5381	1
5388	1
5390	1
5396	1
5399	1
5404	1
5405	2
5406	1
54	45
5410	2
541	3
5411	1
5415	1
542	1
5429	1
543	3
5431	1
5433	1
5440	1
544	3
5441	1
5454	1
5456	1
5460	1
546	3
5467	2
5468	1
5470	1
547	1
5472	1
5473	2
5476	1
548	4
5482	1
5484	2
5485	1
5486	1
5487	1
5488	1
549	3
5494	1
550	1
5505	1
5507	1
55	39
551	1
5518	1
552	1
5530	1
553	1
5531	1
5538	1
554	1
5543	1
5549	1
555	3
556	3
5561	3
5562	3
5569	1
557	2
5577	1
558	2
5582	1
5586	1
559	2
5593	1
5594	1
5596	1
5598	1
560	2
5602	1
5605	2
56	41
561	2
5615	1
5617	1
562	2
5626	1
5628	1
5630	1
563	1
5640	1
564	1
5647	1
565	1
5652	1
5660	1
566	3
5661	1
5666	1
567	2
5673	1
5674	1
5675	1
5677	1
5678	1
5679	1
568	1
5689	1
569	1
5696	1
570	2
57	32
571	4
5711	1
5714	1
5715	1
5718	1
572	1
573	2
5731	1
5736	1
574	3
5743	1
5744	1
5745	1
5747	2
575	5
5762	1
5765	1
5768	1
5769	2
5770	1
577	1
5771	1
5772	1
5775	1
578	1
579	1
580	3
58	32
5810	1
581	3
5811	1
5813	1
582	2
5828	1
5829	1
583	3
584	2
5843	1
585	3
5855	2
5860	1
586	2
5868	1
5869	2
587	3
5878	1
588	1
589	4
590	2
5902	1
5906	1
59	31
591	3
5914	1
5915	2
5916	1
592	3
593	3
5933	1
5940	1
594	2
5949	1
595	1
5957	1
5968	1
5970	1
597	1
5972	1
5974	1
5980	1
598	1
5982	1
5985	1
599	2
5993	2
600	2
6004	1
6009	1
60	29
601	3
6020	1
602	3
6029	1
603	2
6032	1
6039	1
604	3
605	2
6054	1
6060	1
606	1
6062	1
6069	2
607	3
6073	1
6074	1
6076	1
6077	1
608	2
6091	1
6	677
61	21
6110	1
611	2
6118	1
6120	1
612	1
6125	1
613	2
6132	1
6134	1
614	1
6142	3
6146	1
6148	1
615	1
6151	1
6152	1
6153	1
616	3
6161	1
6162	2
6163	1
617	1
6172	1
6179	2
6180	1
618	3
619	1
6194	1
620	1
6201	1
6208	1
6209	1
62	24
621	3
6214	1
6217	1
6219	1
6220	1
622	4
6225	1
6227	1
6230	1
623	1
6232	1
6233	1
624	1
6244	1
625	3
626	2
6261	1
6272	2
6274	1
628	1
6288	1
629	1
6294	1
6297	1
630	2
6306	1
63	17
631	1
6311	1
6319	2
632	2
6322	1
6323	1
6334	1
634	3
6347	3
6349	1
635	4
636	2
6377	1
6380	1
638	4
6384	1
6385	1
6388	1
6389	1
639	1
6392	1
6393	1
6397	2
640	1
6409	1
64	20
6410	1
641	2
6420	1
642	1
6430	1
643	1
6434	1
6439	1
644	2
6447	1
645	3
646	1
6462	1
6465	1
647	2
6472	1
6474	1
648	2
649	1
6499	2
6500	2
650	2
6502	1
65	20
6513	1
6516	1
652	2
6524	1
6527	1
653	3
6538	1
6540	1
654	3
6545	1
6549	1
655	2
6553	1
656	1
6567	1
657	2
6577	1
6578	1
658	2
6582	2
6583	1
6586	1
659	1
6595	1
6599	1
660	2
66	29
661	4
6615	1
662	3
6623	1
663	3
6632	1
664	2
6644	1
6645	1
6646	1
665	3
6651	1
6652	1
6653	1
666	2
6667	1
6670	2
667	3
6672	1
6673	1
6674	1
6687	1
6689	1
669	3
6694	1
6696	1
6698	1
670	2
6705	1
67	19
671	2
6712	1
672	2
6725	1
6728	1
6729	1
673	1
6735	1
674	1
675	2
6755	1
6759	1
676	2
6762	1
6770	1
677	1
678	1
6781	1
6782	1
679	1
6796	1
6799	1
680	1
6804	2
68	15
6811	2
6812	2
6815	1
682	3
6825	1
683	2
6833	1
6834	1
684	2
6842	2
685	3
6852	1
6854	1
686	1
6861	1
6865	1
6870	1
6877	1
688	4
6881	2
6883	1
6889	1
689	2
6893	1
6896	1
690	1
69	15
691	7
692	3
6927	1
6929	1
693	2
6931	1
6932	1
694	1
6949	1
6950	1
696	1
6961	1
6962	1
697	2
6975	1
698	1
6984	1
6986	1
699	3
6992	1
700	1
7003	1
7005	1
70	17
701	1
7018	1
702	3
703	3
704	2
705	2
7060	1
706	1
707	1
708	1
7082	1
7083	1
709	1
7094	1
7	927
7100	1
710	1
7102	1
7103	1
7104	1
7108	1
71	18
711	2
7119	1
712	1
7122	1
7129	1
713	1
7140	1
714	1
7143	2
715	5
7152	1
7160	1
716	1
717	2
7172	1
718	2
7181	1
719	1
7192	1
720	2
72	26
721	2
722	4
723	3
724	1
7246	1
725	2
7259	1
7260	1
726	1
7264	1
727	3
728	3
7288	1
729	1
7295	1
7298	1
730	1
73	25
731	1
7314	1
732	1
7324	2
733	1
7331	1
7336	1
734	2
7346	1
735	3
7351	1
7360	1
736	1
737	1
7379	1
738	2
7389	1
740	1
7403	1
7406	1
74	21
741	2
7412	1
7419	1
742	1
7428	2
743	1
7439	1
744	1
7441	1
7446	1
7457	1
746	4
747	1
748	1
7484	1
749	1
7491	1
750	3
7501	1
7505	1
7507	1
7508	1
75	21
7510	1
752	1
7525	1
7530	1
754	2
7547	1
755	1
7551	1
7553	1
756	1
7568	1
757	1
758	1
7587	1
759	1
7596	1
760	2
76	20
762	1
7621	1
7625	1
763	2
7632	1
7636	1
7637	1
7639	1
764	1
7642	1
7644	1
7653	1
7654	1
7655	1
7660	1
766	2
7677	1
7679	1
769	2
7693	1
770	2
7703	1
77	22
771	3
7713	1
772	2
7725	1
773	2
7739	1
7744	2
7747	1
775	4
7756	2
776	2
7770	1
7779	1
7790	1
7791	1
780	1
78	24
781	2
7815	1
782	1
7823	1
7824	1
783	3
784	1
7847	1
785	1
7858	1
786	2
7861	1
787	1
7879	1
7880	1
788	1
789	1
7898	1
790	1
7909	1
79	28
791	3
7914	1
7918	1
792	2
793	4
7945	1
7950	1
796	3
7969	1
797	2
7973	1
7975	1
7978	1
798	2
7988	1
799	2
7991	1
7999	1
800	1
8007	1
8008	1
80	1492
801	1
8018	1
8020	1
802	3
803	1
8039	1
8040	1
804	3
8045	1
805	4
8053	1
8059	1
806	3
807	3
808	1
809	4
8095	1
8	607
810	3
8103	1
81	23
811	1
8120	1
812	2
813	4
815	1
816	1
8161	1
817	3
818	1
8189	1
819	3
8191	1
8192	1
820	1
8202	1
82	23
821	2
8213	1
8224	1
823	3
8232	1
8237	1
824	2
825	1
826	1
8268	1
8269	1
827	5
8277	1
828	2
829	5
830	2
8302	1
8306	1
83	23
8318	1
8319	1
832	3
8321	1
833	3
834	1
8346	2
835	1
836	3
837	1
8376	1
8380	1
838	1
8381	1
8386	1
8392	2
8396	1
840	2
84	29
841	1
8412	1
8416	1
842	1
8423	1
8429	1
843	1
844	1
8446	1
8450	1
845	2
8456	1
846	1
8463	1
847	1
8474	1
848	2
8489	1
849	2
8500	1
850	1
8504	1
8509	1
85	19
851	1
852	4
853	3
8532	1
854	2
8544	1
855	4
8552	1
8556	1
856	1
8564	1
857	3
8571	1
8578	1
859	2
8606	1
86	23
861	1
8620	1
862	2
8621	1
8628	1
8633	1
8635	1
8639	1
864	1
865	1
8658	1
866	1
867	4
868	2
8686	1
869	2
87	26
871	1
872	1
8722	1
8726	1
8733	1
8740	1
874	2
875	1
8751	1
8758	1
8770	1
878	3
8787	1
8789	1
879	2
8793	1
8800	1
880	2
88	22
881	2
882	3
8823	1
8828	1
883	1
8834	1
8837	1
884	3
8841	1
8842	1
8847	2
885	3
8853	1
8858	1
8861	1
8863	1
8865	1
8870	1
887	2
888	2
889	2
8891	1
890	3
89	15
891	1
8916	1
8926	1
893	1
8931	1
8935	1
8938	1
894	3
8943	1
895	4
8952	2
896	4
8966	1
897	2
8978	1
898	1
8984	1
8989	1
899	1
8998	1
900	1
90	20
901	1
902	2
903	3
904	1
905	2
9051	1
9060	1
906	4
9068	1
9069	1
9071	1
9075	1
909	1
9094	1
9096	2
9	515
9100	1
910	1
91	19
911	2
912	1
9125	1
9128	1
9129	2
913	2
9148	1
9150	3
916	2
917	1
918	2
9192	1
920	4
9204	1
9208	1
92	25
921	4
922	3
923	1
9238	1
924	2
9241	2
9250	2
925	1
9255	1
9256	1
9260	1
926	2
9262	1
927	1
9277	1
9278	2
928	2
9282	1
929	1
930	4
93	16
931	1
9314	1
932	2
933	5
934	1
935	1
9355	1
9358	1
936	1
9362	1
9364	1
9369	1
937	1
9380	1
938	1
939	2
9396	2
940	1
94	23
941	1
9419	1
942	3
943	1
9434	1
9439	1
944	2
945	4
946	1
947	1
9489	1
9490	1
949	2
950	5
95	24
951	1
9518	1
952	1
9525	1
9526	1
9528	1
953	1
954	3
9541	1
9547	1
955	1
9558	2
956	2
957	2
9571	1
958	1
9582	1
959	4
960	1
9602	1
9606	1
96	28
9610	1
961	1
9613	1
9619	1
9637	1
964	2
9647	1
9655	1
9659	1
966	2
9667	1
967	3
9679	2
968	1
9687	1
969	2
9696	1
9697	1
9699	1
970	4
9705	1
97	22
971	2
9713	1
9714	1
9715	1
972	1
9724	2
9725	1
9731	1
9732	1
9738	1
974	2
975	2
9752	1
9755	1
9756	1
976	3
9769	1
977	5
979	2
98	29
981	2
982	3
9824	2
983	2
9834	1
984	3
985	1
9852	1
9854	1
986	3
9867	1
987	1
9873	1
988	1
9884	1
9888	1
989	2
990	3
9907	1
99	20
991	4
992	3
9924	1
9931	1
9936	1
994	3
9945	1
9946	1
9947	1
9950	1
995	3
9953	1
9957	1
996	2
9961	1
9964	1
997	1
9973	1
9977	1
9980	2
998	1
9981	1
9983	1
9985	1
999	2
9991	1
9998	1
Age	1
Attrition	1
BusinessTravel	1
DailyRate	1
Department	1
DistanceFromHome	1
Education	1
EducationField	1
EmployeeCount	1
EmployeeNumber	1
EnvironmentSatisfaction	1
Gender	1
HourlyRate	1
Ind1000	1
Ind100	1
Ind1001	1
Ind1002	1
Ind1003	1
Ind1004	1
Ind1005	1
Ind1006	1
Ind1007	1
Ind1008	1
Ind1009	1
Ind10	1
Ind1010	1
Ind101	1
Ind1011	1
Ind1012	1
Ind1013	1
Ind1014	1
Ind1015	1
Ind1016	1
Ind1017	1
Ind1018	1
Ind1019	1
Ind1020	1
Ind102	1
Ind1021	1
Ind1022	1
Ind1023	1
Ind1024	1
Ind1025	1
Ind1026	1
Ind1027	1
Ind1028	1
Ind1029	1
Ind1030	1
Ind103	1
Ind1031	1
Ind1032	1
Ind1033	1
Ind1034	1
Ind1035	1
Ind1036	1
Ind1037	1
Ind1038	1
Ind1039	1
Ind1040	1
Ind104	1
Ind1041	1
Ind1042	1
Ind1043	1
Ind1044	1
Ind1045	1
Ind1046	1
Ind1047	1
Ind1048	1
Ind1049	1
Ind1050	1
Ind105	1
Ind1051	1
Ind1052	1
Ind1053	1
Ind1054	1
Ind1055	1
Ind1056	1
Ind1057	1
Ind1058	1
Ind1059	1
Ind1060	1
Ind106	1
Ind1061	1
Ind1062	1
Ind1063	1
Ind1064	1
Ind1065	1
Ind1066	1
Ind1067	1
Ind1068	1
Ind1069	1
Ind1070	1
Ind107	1
Ind1071	1
Ind1072	1
Ind1073	1
Ind1074	1
Ind1075	1
Ind1076	1
Ind1077	1
Ind1078	1
Ind1079	1
Ind1080	1
Ind108	1
Ind1081	1
Ind1082	1
Ind1083	1
Ind1084	1
Ind1085	1
Ind1086	1
Ind1087	1
Ind1088	1
Ind1089	1
Ind1090	1
Ind109	1
Ind1091	1
Ind1092	1
Ind1093	1
Ind1094	1
Ind1095	1
Ind1096	1
Ind1097	1
Ind1098	1
Ind1099	1
Ind1	1
Ind1100	1
Ind110	1
Ind1101	1
Ind1102	1
Ind1103	1
Ind1104	1
Ind1105	1
Ind1106	1
Ind1107	1
Ind1108	1
Ind1109	1
Ind11	1
Ind1110	1
Ind111	1
Ind1111	1
Ind1112	1
Ind1113	1
Ind1114	1
Ind1115	1
Ind1116	1
Ind1117	1
Ind1118	1
Ind1119	1
Ind1120	1
Ind112	1
Ind1121	1
Ind1122	1
Ind1123	1
Ind1124	1
Ind1125	1
Ind1126	1
Ind1127	1
Ind1128	1
Ind1129	1
Ind1130	1
Ind113	1
Ind1131	1
Ind1132	1
Ind1133	1
Ind1134	1
Ind1135	1
Ind1136	1
Ind1137	1
Ind1138	1
Ind1139	1
Ind1140	1
Ind114	1
Ind1141	1
Ind1142	1
Ind1143	1
Ind1144	1
Ind1145	1
Ind1146	1
Ind1147	1
Ind1148	1
Ind1149	1
Ind1150	1
Ind115	1
Ind1151	1
Ind1152	1
Ind1153	1
Ind1154	1
Ind1155	1
Ind1156	1
Ind1157	1
Ind1158	1
Ind1159	1
Ind1160	1
Ind116	1
Ind1161	1
Ind1162	1
Ind1163	1
Ind1164	1
Ind1165	1
Ind1166	1
Ind1167	1
Ind1168	1
Ind1169	1
Ind1170	1
Ind117	1
Ind1171	1
Ind1172	1
Ind1173	1
Ind1174	1
Ind1175	1
Ind1176	1
Ind1177	1
Ind1178	1
Ind1179	1
Ind1180	1
Ind118	1
Ind1181	1
Ind1182	1
Ind1183	1
Ind1184	1
Ind1185	1
Ind1186	1
Ind1187	1
Ind1188	1
Ind1189	1
Ind1190	1
Ind119	1
Ind1191	1
Ind1192	1
Ind1193	1
Ind1194	1
Ind1195	1
Ind1196	1
Ind1197	1
Ind1198	1
Ind1199	1
Ind1200	1
Ind120	1
Ind1201	1
Ind1202	1
Ind1203	1
Ind1204	1
Ind1205	1
Ind1206	1
Ind1207	1
Ind1208	1
Ind1209	1
Ind12	1
Ind1210	1
Ind121	1
Ind1211	1
Ind1212	1
Ind1213	1
Ind1214	1
Ind1215	1
Ind1216	1
Ind1217	1
Ind1218	1
Ind1219	1
Ind1220	1
Ind122	1
Ind1221	1
Ind1222	1
Ind1223	1
Ind1224	1
Ind1225	1
Ind1226	1
Ind1227	1
Ind1228	1
Ind1229	1
Ind1230	1
Ind123	1
Ind1231	1
Ind1232	1
Ind1233	1
Ind1234	1
Ind1235	1
Ind1236	1
Ind1237	1
Ind1238	1
Ind1239	1
Ind1240	1
Ind124	1
Ind1241	1
Ind1242	1
Ind1243	1
Ind1244	1
Ind1245	1
Ind1246	1
Ind1247	1
Ind1248	1
Ind1249	1
Ind1250	1
Ind125	1
Ind1251	1
Ind1252	1
Ind1253	1
Ind1254	1
Ind1255	1
Ind1256	1
Ind1257	1
Ind1258	1
Ind1259	1
Ind1260	1
Ind126	1
Ind1261	1
Ind1262	1
Ind1263	1
Ind1264	1
Ind1265	1
Ind1266	1
Ind1267	1
Ind1268	1
Ind1269	1
Ind1270	1
Ind127	1
Ind1271	1
Ind1272	1
Ind1273	1
Ind1274	1
Ind1275	1
Ind1276	1
Ind1277	1
Ind1278	1
Ind1279	1
Ind1280	1
Ind128	1
Ind1281	1
Ind1282	1
Ind1283	1
Ind1284	1
Ind1285	1
Ind1286	1
Ind1287	1
Ind1288	1
Ind1289	1
Ind1290	1
Ind129	1
Ind1291	1
Ind1292	1
Ind1293	1
Ind1294	1
Ind1295	1
Ind1296	1
Ind1297	1
Ind1298	1
Ind1299	1
Ind1300	1
Ind130	1
Ind1301	1
Ind1302	1
Ind1303	1
Ind1304	1
Ind1305	1
Ind1306	1
Ind1307	1
Ind1308	1
Ind1309	1
Ind13	1
Ind1310	1
Ind131	1
Ind1311	1
Ind1312	1
Ind1313	1
Ind1314	1
Ind1315	1
Ind1316	1
Ind1317	1
Ind1318	1
Ind1319	1
Ind1320	1
Ind132	1
Ind1321	1
Ind1322	1
Ind1323	1
Ind1324	1
Ind1325	1
Ind1326	1
Ind1327	1
Ind1328	1
Ind1329	1
Ind1330	1
Ind133	1
Ind1331	1
Ind1332	1
Ind1333	1
Ind1334	1
Ind1335	1
Ind1336	1
Ind1337	1
Ind1338	1
Ind1339	1
Ind1340	1
Ind134	1
Ind1341	1
Ind1342	1
Ind1343	1
Ind1344	1
Ind1345	1
Ind1346	1
Ind1347	1
Ind1348	1
Ind1349	1
Ind1350	1
Ind135	1
Ind1351	1
Ind1352	1
Ind1353	1
Ind1354	1
Ind1355	1
Ind1356	1
Ind1357	1
Ind1358	1
Ind1359	1
Ind1360	1
Ind136	1
Ind1361	1
Ind1362	1
Ind1363	1
Ind1364	1
Ind1365	1
Ind1366	1
Ind1367	1
Ind1368	1
Ind1369	1
Ind1370	1
Ind137	1
Ind1371	1
Ind1372	1
Ind1373	1
Ind1374	1
Ind1375	1
Ind1376	1
Ind1377	1
Ind1378	1
Ind1379	1
Ind1380	1
Ind138	1
Ind1381	1
Ind1382	1
Ind1383	1
Ind1384	1
Ind1385	1
Ind1386	1
Ind1387	1
Ind1388	1
Ind1389	1
Ind1390	1
Ind139	1
Ind1391	1
Ind1392	1
Ind1393	1
Ind1394	1
Ind1395	1
Ind1396	1
Ind1397	1
Ind1398	1
Ind1399	1
Ind1400	1
Ind140	1
Ind1401	1
Ind1402	1
Ind1403	1
Ind1404	1
Ind1405	1
Ind1406	1
Ind1407	1
Ind1408	1
Ind1409	1
Ind14	1
Ind1410	1
Ind141	1
Ind1411	1
Ind1412	1
Ind1413	1
Ind1414	1
Ind1415	1
Ind1416	1
Ind1417	1
Ind1418	1
Ind1419	1
Ind1420	1
Ind142	1
Ind1421	1
Ind1422	1
Ind1423	1
Ind1424	1
Ind1425	1
Ind1426	1
Ind1427	1
Ind1428	1
Ind1429	1
Ind1430	1
Ind143	1
Ind1431	1
Ind1432	1
Ind1433	1
Ind1434	1
Ind1435	1
Ind1436	1
Ind1437	1
Ind1438	1
Ind1439	1
Ind1440	1
Ind144	1
Ind1441	1
Ind1442	1
Ind1443	1
Ind1444	1
Ind1445	1
Ind1446	1
Ind1447	1
Ind1448	1
Ind1449	1
Ind1450	1
Ind145	1
Ind1451	1
Ind1452	1
Ind1453	1
Ind1454	1
Ind1455	1
Ind1456	1
Ind1457	1
Ind1458	1
Ind1459	1
Ind1460	1
Ind146	1
Ind1461	1
Ind1462	1
Ind1463	1
Ind1464	1
Ind1465	1
Ind1466	1
Ind1467	1
Ind1468	1
Ind1469	1
Ind1470	1
Ind147	1
Ind148	1
Ind149	1
Ind150	1
Ind15	1
Ind151	1
Ind152	1
Ind153	1
Ind154	1
Ind155	1
Ind156	1
Ind157	1
Ind158	1
Ind159	1
Ind160	1
Ind16	1
Ind161	1
Ind162	1
Ind163	1
Ind164	1
Ind165	1
Ind166	1
Ind167	1
Ind168	1
Ind169	1
Ind170	1
Ind17	1
Ind171	1
Ind172	1
Ind173	1
Ind174	1
Ind175	1
Ind176	1
Ind177	1
Ind178	1
Ind179	1
Ind180	1
Ind18	1
Ind181	1
Ind182	1
Ind183	1
Ind184	1
Ind185	1
Ind186	1
Ind187	1
Ind188	1
Ind189	1
Ind190	1
Ind19	1
Ind191	1
Ind192	1
Ind193	1
Ind194	1
Ind195	1
Ind196	1
Ind197	1
Ind198	1
Ind199	1
Ind200	1
Ind20	1
Ind201	1
Ind202	1
Ind203	1
Ind204	1
Ind205	1
Ind206	1
Ind207	1
Ind208	1
Ind209	1
Ind2	1
Ind210	1
Ind21	1
Ind211	1
Ind212	1
Ind213	1
Ind214	1
Ind215	1
Ind216	1
Ind217	1
Ind218	1
Ind219	1
Ind220	1
Ind22	1
Ind221	1
Ind222	1
Ind223	1
Ind224	1
Ind225	1
Ind226	1
Ind227	1
Ind228	1
Ind229	1
Ind230	1
Ind23	1
Ind231	1
Ind232	1
Ind233	1
Ind234	1
Ind235	1
Ind236	1
Ind237	1
Ind238	1
Ind239	1
Ind240	1
Ind24	1
Ind241	1
Ind242	1
Ind243	1
Ind244	1
Ind245	1
Ind246	1
Ind247	1
Ind248	1
Ind249	1
Ind250	1
Ind25	1
Ind251	1
Ind252	1
Ind253	1
Ind254	1
Ind255	1
Ind256	1
Ind257	1
Ind258	1
Ind259	1
Ind260	1
Ind26	1
Ind261	1
Ind262	1
Ind263	1
Ind264	1
Ind265	1
Ind266	1
Ind267	1
Ind268	1
Ind269	1
Ind270	1
Ind27	1
Ind271	1
Ind272	1
Ind273	1
Ind274	1
Ind275	1
Ind276	1
Ind277	1
Ind278	1
Ind279	1
Ind280	1
Ind28	1
Ind281	1
Ind282	1
Ind283	1
Ind284	1
Ind285	1
Ind286	1
Ind287	1
Ind288	1
Ind289	1
Ind290	1
Ind29	1
Ind291	1
Ind292	1
Ind293	1
Ind294	1
Ind295	1
Ind296	1
Ind297	1
Ind298	1
Ind299	1
Ind300	1
Ind30	1
Ind301	1
Ind302	1
Ind303	1
Ind304	1
Ind305	1
Ind306	1
Ind307	1
Ind308	1
Ind309	1
Ind3	1
Ind310	1
Ind31	1
Ind311	1
Ind312	1
Ind313	1
Ind314	1
Ind315	1
Ind316	1
Ind317	1
Ind318	1
Ind319	1
Ind320	1
Ind32	1
Ind321	1
Ind322	1
Ind323	1
Ind324	1
Ind325	1
Ind326	1
Ind327	1
Ind328	1
Ind329	1
Ind330	1
Ind33	1
Ind331	1
Ind332	1
Ind333	1
Ind334	1
Ind335	1
Ind336	1
Ind337	1
Ind338	1
Ind339	1
Ind340	1
Ind34	1
Ind341	1
Ind342	1
Ind343	1
Ind344	1
Ind345	1
Ind346	1
Ind347	1
Ind348	1
Ind349	1
Ind350	1
Ind35	1
Ind351	1
Ind352	1
Ind353	1
Ind354	1
Ind355	1
Ind356	1
Ind357	1
Ind358	1
Ind359	1
Ind360	1
Ind36	1
Ind361	1
Ind362	1
Ind363	1
Ind364	1
Ind365	1
Ind366	1
Ind367	1
Ind368	1
Ind369	1
Ind370	1
Ind37	1
Ind371	1
Ind372	1
Ind373	1
Ind374	1
Ind375	1
Ind376	1
Ind377	1
Ind378	1
Ind379	1
Ind380	1
Ind38	1
Ind381	1
Ind382	1
Ind383	1
Ind384	1
Ind385	1
Ind386	1
Ind387	1
Ind388	1
Ind389	1
Ind390	1
Ind39	1
Ind391	1
Ind392	1
Ind393	1
Ind394	1
Ind395	1
Ind396	1
Ind397	1
Ind398	1
Ind399	1
Ind400	1
Ind40	1
Ind401	1
Ind402	1
Ind403	1
Ind404	1
Ind405	1
Ind406	1
Ind407	1
Ind408	1
Ind409	1
Ind4	1
Ind410	1
Ind41	1
Ind411	1
Ind412	1
Ind413	1
Ind414	1
Ind415	1
Ind416	1
Ind417	1
Ind418	1
Ind419	1
Ind420	1
Ind42	1
Ind421	1
Ind422	1
Ind423	1
Ind424	1
Ind425	1
Ind426	1
Ind427	1
Ind428	1
Ind429	1
Ind430	1
Ind43	1
Ind431	1
Ind432	1
Ind433	1
Ind434	1
Ind435	1
Ind436	1
Ind437	1
Ind438	1
Ind439	1
Ind440	1
Ind44	1
Ind441	1
Ind442	1
Ind443	1
Ind444	1
Ind445	1
Ind446	1
Ind447	1
Ind448	1
Ind449	1
Ind450	1
Ind45	1
Ind451	1
Ind452	1
Ind453	1
Ind454	1
Ind455	1
Ind456	1
Ind457	1
Ind458	1
Ind459	1
Ind460	1
Ind46	1
Ind461	1
Ind462	1
Ind463	1
Ind464	1
Ind465	1
Ind466	1
Ind467	1
Ind468	1
Ind469	1
Ind470	1
Ind47	1
Ind471	1
Ind472	1
Ind473	1
Ind474	1
Ind475	1
Ind476	1
Ind477	1
Ind478	1
Ind479	1
Ind480	1
Ind48	1
Ind481	1
Ind482	1
Ind483	1
Ind484	1
Ind485	1
Ind486	1
Ind487	1
Ind488	1
Ind489	1
Ind490	1
Ind49	1
Ind491	1
Ind492	1
Ind493	1
Ind494	1
Ind495	1
Ind496	1
Ind497	1
Ind498	1
Ind499	1
Ind500	1
Ind50	1
Ind501	1
Ind502	1
Ind503	1
Ind504	1
Ind505	1
Ind506	1
Ind507	1
Ind508	1
Ind509	1
Ind5	1
Ind510	1
Ind51	1
Ind511	1
Ind512	1
Ind513	1
Ind514	1
Ind515	1
Ind516	1
Ind517	1
Ind518	1
Ind519	1
Ind520	1
Ind52	1
Ind521	1
Ind522	1
Ind523	1
Ind524	1
Ind525	1
Ind526	1
Ind527	1
Ind528	1
Ind529	1
Ind530	1
Ind53	1
Ind531	1
Ind532	1
Ind533	1
Ind534	1
Ind535	1
Ind536	1
Ind537	1
Ind538	1
Ind539	1
Ind540	1
Ind54	1
Ind541	1
Ind542	1
Ind543	1
Ind544	1
Ind545	1
Ind546	1
Ind547	1
Ind548	1
Ind549	1
Ind550	1
Ind55	1
Ind551	1
Ind552	1
Ind553	1
Ind554	1
Ind555	1
Ind556	1
Ind557	1
Ind558	1
Ind559	1
Ind560	1
Ind56	1
Ind561	1
Ind562	1
Ind563	1
Ind564	1
Ind565	1
Ind566	1
Ind567	1
Ind568	1
Ind569	1
Ind570	1
Ind57	1
Ind571	1
Ind572	1
Ind573	1
Ind574	1
Ind575	1
Ind576	1
Ind577	1
Ind578	1
Ind579	1
Ind580	1
Ind58	1
Ind581	1
Ind582	1
Ind583	1
Ind584	1
Ind585	1
Ind586	1
Ind587	1
Ind588	1
Ind589	1
Ind590	1
Ind59	1
Ind591	1
Ind592	1
Ind593	1
Ind594	1
Ind595	1
Ind596	1
Ind597	1
Ind598	1
Ind599	1
Ind600	1
Ind60	1
Ind601	1
Ind602	1
Ind603	1
Ind604	1
Ind605	1
Ind606	1
Ind607	1
Ind608	1
Ind609	1
Ind6	1
Ind610	1
Ind61	1
Ind611	1
Ind612	1
Ind613	1
Ind614	1
Ind615	1
Ind616	1
Ind617	1
Ind618	1
Ind619	1
Ind620	1
Ind62	1
Ind621	1
Ind622	1
Ind623	1
Ind624	1
Ind625	1
Ind626	1
Ind627	1
Ind628	1
Ind629	1
Ind630	1
Ind63	1
Ind631	1
Ind632	1
Ind633	1
Ind634	1
Ind635	1
Ind636	1
Ind637	1
Ind638	1
Ind639	1
Ind640	1
Ind64	1
Ind641	1
Ind642	1
Ind643	1
Ind644	1
Ind645	1
Ind646	1
Ind647	1
Ind648	1
Ind649	1
Ind650	1
Ind65	1
Ind651	1
Ind652	1
Ind653	1
Ind654	1
Ind655	1
Ind656	1
Ind657	1
Ind658	1
Ind659	1
Ind660	1
Ind66	1
Ind661	1
Ind662	1
Ind663	1
Ind664	1
Ind665	1
Ind666	1
Ind667	1
Ind668	1
Ind669	1
Ind670	1
Ind67	1
Ind671	1
Ind672	1
Ind673	1
Ind674	1
Ind675	1
Ind676	1
Ind677	1
Ind678	1
Ind679	1
Ind680	1
Ind68	1
Ind681	1
Ind682	1
Ind683	1
Ind684	1
Ind685	1
Ind686	1
Ind687	1
Ind688	1
Ind689	1
Ind690	1
Ind69	1
Ind691	1
Ind692	1
Ind693	1
Ind694	1
Ind695	1
Ind696	1
Ind697	1
Ind698	1
Ind699	1
Ind700	1
Ind70	1
Ind701	1
Ind702	1
Ind703	1
Ind704	1
Ind705	1
Ind706	1
Ind707	1
Ind708	1
Ind709	1
Ind7	1
Ind710	1
Ind71	1
Ind711	1
Ind712	1
Ind713	1
Ind714	1
Ind715	1
Ind716	1
Ind717	1
Ind718	1
Ind719	1
Ind720	1
Ind72	1
Ind721	1
Ind722	1
Ind723	1
Ind724	1
Ind725	1
Ind726	1
Ind727	1
Ind728	1
Ind729	1
Ind730	1
Ind73	1
Ind731	1
Ind732	1
Ind733	1
Ind734	1
Ind735	1
Ind736	1
Ind737	1
Ind738	1
Ind739	1
Ind740	1
Ind74	1
Ind741	1
Ind742	1
Ind743	1
Ind744	1
Ind745	1
Ind746	1
Ind747	1
Ind748	1
Ind749	1
Ind750	1
Ind75	1
Ind751	1
Ind752	1
Ind753	1
Ind754	1
Ind755	1
Ind756	1
Ind757	1
Ind758	1
Ind759	1
Ind760	1
Ind76	1
Ind761	1
Ind762	1
Ind763	1
Ind764	1
Ind765	1
Ind766	1
Ind767	1
Ind768	1
Ind769	1
Ind770	1
Ind77	1
Ind771	1
Ind772	1
Ind773	1
Ind774	1
Ind775	1
Ind776	1
Ind777	1
Ind778	1
Ind779	1
Ind780	1
Ind78	1
Ind781	1
Ind782	1
Ind783	1
Ind784	1
Ind785	1
Ind786	1
Ind787	1
Ind788	1
Ind789	1
Ind790	1
Ind79	1
Ind791	1
Ind792	1
Ind793	1
Ind794	1
Ind795	1
Ind796	1
Ind797	1
Ind798	1
Ind799	1
Ind800	1
Ind80	1
Ind801	1
Ind802	1
Ind803	1
Ind804	1
Ind805	1
Ind806	1
Ind807	1
Ind808	1
Ind809	1
Ind8	1
Ind810	1
Ind81	1
Ind811	1
Ind812	1
Ind813	1
Ind814	1
Ind815	1
Ind816	1
Ind817	1
Ind818	1
Ind819	1
Ind820	1
Ind82	1
Ind821	1
Ind822	1
Ind823	1
Ind824	1
Ind825	1
Ind826	1
Ind827	1
Ind828	1
Ind829	1
Ind830	1
Ind83	1
Ind831	1
Ind832	1
Ind833	1
Ind834	1
Ind835	1
Ind836	1
Ind837	1
Ind838	1
Ind839	1
Ind840	1
Ind84	1
Ind841	1
Ind842	1
Ind843	1
Ind844	1
Ind845	1
Ind846	1
Ind847	1
Ind848	1
Ind849	1
Ind850	1
Ind85	1
Ind851	1
Ind852	1
Ind853	1
Ind854	1
Ind855	1
Ind856	1
Ind857	1
Ind858	1
Ind859	1
Ind860	1
Ind86	1
Ind861	1
Ind862	1
Ind863	1
Ind864	1
Ind865	1
Ind866	1
Ind867	1
Ind868	1
Ind869	1
Ind870	1
Ind87	1
Ind871	1
Ind872	1
Ind873	1
Ind874	1
Ind875	1
Ind876	1
Ind877	1
Ind878	1
Ind879	1
Ind880	1
Ind88	1
Ind881	1
Ind882	1
Ind883	1
Ind884	1
Ind885	1
Ind886	1
Ind887	1
Ind888	1
Ind889	1
Ind890	1
Ind89	1
Ind891	1
Ind892	1
Ind893	1
Ind894	1
Ind895	1
Ind896	1
Ind897	1
Ind898	1
Ind899	1
Ind900	1
Ind90	1
Ind901	1
Ind902	1
Ind903	1
Ind904	1
Ind905	1
Ind906	1
Ind907	1
Ind908	1
Ind909	1
Ind9	1
Ind910	1
Ind91	1
Ind911	1
Ind912	1
Ind913	1
Ind914	1
Ind915	1
Ind916	1
Ind917	1
Ind918	1
Ind919	1
Ind920	1
Ind92	1
Ind921	1
Ind922	1
Ind923	1
Ind924	1
Ind925	1
Ind926	1
Ind927	1
Ind928	1
Ind929	1
Ind930	1
Ind93	1
Ind931	1
Ind932	1
Ind933	1
Ind934	1
Ind935	1
Ind936	1
Ind937	1
Ind938	1
Ind939	1
Ind940	1
Ind94	1
Ind941	1
Ind942	1
Ind943	1
Ind944	1
Ind945	1
Ind946	1
Ind947	1
Ind948	1
Ind949	1
Ind950	1
Ind95	1
Ind951	1
Ind952	1
Ind953	1
Ind954	1
Ind955	1
Ind956	1
Ind957	1
Ind958	1
Ind959	1
Ind960	1
Ind96	1
Ind961	1
Ind962	1
Ind963	1
Ind964	1
Ind965	1
Ind966	1
Ind967	1
Ind968	1
Ind969	1
Ind970	1
Ind97	1
Ind971	1
Ind972	1
Ind973	1
Ind974	1
Ind975	1
Ind976	1
Ind977	1
Ind978	1
Ind979	1
Ind980	1
Ind98	1
Ind981	1
Ind982	1
Ind983	1
Ind984	1
Ind985	1
Ind986	1
Ind987	1
Ind988	1
Ind989	1
Ind990	1
Ind99	1
Ind991	1
Ind992	1
Ind993	1
Ind994	1
Ind995	1
Ind996	1
Ind997	1
Ind998	1
Ind999	1
Individual	1
JobInvolvement	1
JobLevel	1
JobRole	1
JobSatisfaction	1
MaritalStatus	1
MonthlyIncome	1
MonthlyRate	1
No	1233
NumCompaniesWorked	1
OverTime	1
PercentSalaryHike	1
PerformanceRating	1
RelationshipSatisfaction	1
StandardHours	1
StockOptionLevel	1
TotalWorkingYears	1
TrainingTimesLastYear	1
WorkLifeBalance	1
YearsAtCompany	1
YearsInCurrentRole	1
YearsSinceLastPromotion	1
YearsWithCurrManager	1
Yes	237
